42665836
42638110
42629550
42625183
42527941
42509564
42503510
42503507
42493805
42487124
42482224
42482122
42482120
42477834
42477785
42471654
42464412
42458606
42458582
42458569
42458539
42458527
42449439
42449406
42444001
42443985
42443949
42443945
42443941
42436584
42432803
42432789
42426908
42426806
42415118
42401980
42393741
42393721
42381081
42381011
42374534
42374471
42374457
42365320
42365288
42363230
42351220
42343463
42343371
42323656
42323650
42321873
42316312
42316300
42316291
42316240
42310789
42310761
42310695
42310681
42304499
42304491
42304410
42304391
42298724
42298695
42298673
42298661
42298641
42288895
42288869
42286766
42286737
42286715
42286711
42286694
42277940
42277881
42271490
42271487
42271481
42271430
42265768
42265570
42249416
42243959
42243956
42237322
42231506
42231464
42231388
42219495
42218558
42216078
42204731
42204619
42204596
42186093
42178579
42177580
42177542
42174701
42174697
42174693
42169156
42169056
42152110
42151982
42121287
42116171
42108472
42104479
42104452
42104448
42098827
42098734
42092943
42087173
42071237
42070027
42069685
42063106
42057098
42050730
42045938
42036683
42026667
42026639
42026624
42026616
42021407
42021344
42021342
42015285
42015180
42002776
41998753
41987329
41987292
41987223
41987205
41981679
41981657
41975515
41975483
41965748
41965726
41957676
41957668
41952215
41952195
41952156
41943130
41943068
41937210
41937163
41918129
41918124
41918117
41913290
41913286
41913236
41913233
41904579
41896984
41896911
41888873
41882679
41877186
41877182
41877173
41872944
41872884
41872878
41866516
41857659
41857580
41851888
41851882
41845531
41840677
41821123
41821120
41821116
41821037
41814427
41814406
41814399
41808216
41803952
41796349
41796334
41795071
41787412
41781971
41764549
41764538
41761339
41761253
41749359
41749322
41742311
41742304
41742281
41736096
41724975
41723514
41721424
41721420
41715205
41709347
41709279
41703631
41703596
41699733
41699629
41691336
41691282
41691274
41689134
41689121
41673899
41673895
41673887
41673757
41668184
41668152
41668066
41664205
41664169
41664080
41654922
41654882
41654859
41654842
41645295
41645235
41639919
41639748
41634861
41634826
41634811
41630044
41630030
41629994
41629962
41620776
41620616
41620608
41618446
41618441
41618434
41618433
41618375
41612406
41612384
41606683
41606682
41606654
41606649
41606643
41606628
41593779
41593763
41593747
41593735
41593733
41593700
41593699
41593673
41582216
41572355
41566530
41566400
41566394
41559820
41559797
41559689
41555433
41549280
41546063
41546049
41546014
41545888
41540458
41540446
41535974
41535969
41535949
41535900
41535889
41526978
41526977
41526967
41526966
41519776
41514301
41495833
41495804
41491959
41491699
41491493
41484656
41484648
41484638
